0.0014042137357268558
0.0010805239795903532
0.001177862672031793
0.0009760522656092618
0.001040851400259335
0.0012577524023269504
0.0009449377023855732
0.001408026935163953
0.0010417164523781608
0.001070246082150561
0.0011552642906131894
0.0010012161898487193
0.0011348963590620542
0.0012022241303162318
0.00118960691810166
0.0011386143073934818
0.0009078934012975992
0.0011429296626008778
0.0010040202134753429
0.0011846510631130514
0.0009137746522895895
0.0012107921743940153
0.001051929944045682
0.0010840738756598967
0.0011742498555697978
0.0009894822436251616
0.0011613129056975424
0.0009136534365872251
0.0012528309673172089
0.0011871329880630554
0.0010538912917130716
0.000980301852578691
0.0011304797184070736
0.0011600176797355033
0.0012007165570491196
0.0011081356616884364
0.0010471155099249785
0.0012766428516552963
0.0011052105749858043
0.0011783741306743423
0.0012063730584142007
0.0012892067896537185
0.0010573181139701404
0.0010196149489711814
0.0010327691720899423
0.0010862949002845568
0.0011664176912695723
0.0010976061706688967
0.0010013622854092574
0.0010469738468668055
0.0011284653553360613
0.0009170372638962476
0.0010703352428844681
0.0009278859361021574
0.0011554146456500547
0.0008679927203321114
0.0010719150742080075
0.0011851534558644516
0.0011226040186329556
0.001287978750328378
0.0010365822427225169
0.0011301783849191338
0.0010601415100062184
0.0008606963405366486
0.001047879288535114
0.0011461543704154309
0.0011156222272887817
0.0012405277038300966
0.0010647578755484943
0.0011885308291148533
0.0009619647536425191
0.001045615180679249
0.0012688677542307403
0.0010204937955791138
0.0011496225937470683
0.0011694262756662965
0.0011503503191292452
0.0010081012333920114
0.0012140354484593274
0.0011381897208266878
0.0009522387505001007
0.001130674113781538
0.001103336761627105
0.0011634299422205174
0.0013340992730626056
0.0011223272708882348
0.001241216291195002
0.0011555889454157864
0.0012225065127253743
0.0010061800173133406
0.0011925976498901036
0.0011645179497961067
0.00115307310554158
0.0009948086485174201
0.001046807215999479
0.0011141513590580132
0.001076191078940525
0.0012692163093959152
0.0009179458433834498
0.0010047217536808262
0.0012094777868014717
0.0009258279574453354
0.001286439238960213
0.0011775464582015616
0.0011991285406942609
0.0011705522573812743
0.0010982431256678638
0.0012116484460413801
0.0010219863763190062
0.0010621140883841917
0.0010438641386727454
0.0011621530725136608
0.0011198577637365759
0.0011902928849387706
0.0012047856667685153
0.001204763900375383
0.0012932648364163413
0.0011918175129679298
0.001172793527871363
0.0010990684368188397
0.0011691241644236072
0.0009614289196235859
0.001090701186338805
0.0011372712129933404
0.001121313626185838
0.000982791539524186
0.0011492095193119667
0.0011783666804880966
0.0010204070510368979
0.001119836487955439
0.0012598861891461866
0.001232249638366767
0.000965480303918298
0.0010134406632644755
0.0011357299336189897
0.001112820769133549
0.0012105980347136835
0.0010760871722581555
0.0012199874380236508
0.0011664874705914485
0.0010902034152842077
0.0010660724090989504
0.001159818789982836
0.0011265589669697817
0.0010577503131621313
0.001076288844551243
0.0012285040868640351
0.001064079159963427
0.001168476310692057
0.0010430933756708782
0.0009979298235869294
0.0009418378125403137
0.0011912164319198837
0.0010599102664485827
0.0011497185925115616
0.0009934047012158942
0.001079617763277696
0.000820338968861023
0.0011504924069747346
0.0010810383552630753
0.001116005706748524
0.0011095115170540737
0.0013390390010812325
0.001159279618843101
0.0011109252812318005
0.0011130470948046423
0.001012700607695649
0.001138360374188352
0.0010852844182771548
0.0010742544241253427
0.0010919415732608684
0.0012529123802131892
0.001206502353475969
0.0010831339160013442
0.0011984548728349864
0.0011148554615800776
0.0009942815578654063
0.0010927532708535637
0.001156001502728543
0.0010672732035565957
0.0010645829291000553
0.0012190114823269482
0.0010464526052302858
0.0011600038832924042
0.001131943833129867
0.001076448216075221
0.001055484169718568
0.0010030485965444313
0.001232344030590582
0.0009285927096271962
0.0011120811158207289
0.0010344080634752117
0.0011440522517673912
0.0010784729283841443
0.001030954558068231
0.0010353612906541798
0.0011854371117863138
0.0010192762350911266
0.0011536879451483628
0.0010784449950307362
0.0010601537450867227
0.0010668029287899117
0.0010702991802133965
0.0011313293227175336
0.0012327769208155814
0.001195404417281054
0.0010396413063631371
0.0012106975354342353
0.001009212168142426
0.0012070315507273222
0.001193851801460255
0.0010439050433390662
0.0010197616320581915
0.0011663217605359932
0.0010750336492577617
0.0011016943485202546
0.001201884084345295
0.0011542553676449074
0.0011930465507035137
0.0009988690746425277
0.0009518001739223791
0.0012288213631848066
0.0011599024043817963
0.0011953915873803567
0.001258773633047383
0.000953372057701074
0.0010711404401888558
0.001404288303469059
0.001299538699768732
0.0011867380041081788
0.0010941623485294372
0.001236125423723422
0.0011526016502045877
0.0012218829244687868
0.0010860090654958299
0.0011439714653747046
0.0011863057216530137
0.0010347689987781905
0.0010666742531526552
0.001188473453801464
0.0011129299621259747
0.0010949457854181333
0.001082468199115283
0.0011573995491929168
0.001101821612955689
0.0011278790327082788
0.0009589109019572106
0.0010900740346713178
0.001038669440134754
0.0012769971952693027
0.0011816833460613907
0.0011436801811370856
0.0010121660880599848
0.001155278459236797
0.0009769272640411941
0.0009950727683687433
0.0009448419707354105
0.000997212042491924
0.0009563617211725273
0.001084792147608482
0.001056912834741297
0.0012445180808455802
0.0011678802562116175
0.001241849759736624
0.0011011211150986355
0.0010153986338607979
0.0011102369658786415
0.0011708236920995319
0.0010899110856428251
0.0013612291466600368
0.0012147716701633726
0.0011206149930416132
0.0010923435882190802
0.0012874249398393545
0.0011105279007566082
0.0011314319873747536
0.001308919079036741
0.0013851055304883175
0.0010497055254035104
0.0010710318446314204
0.0011787919933041735
0.0010626758690079896
0.0008737862282046649
0.0009125604776940577
0.0010262948042623066
0.0010146819929133244
0.0011332281633897878
0.0011269947470253783
0.0011382295260915498
0.001291013727083623
0.0011979991660098221
0.0011828708561054668
0.0012328835835688778
0.0008891596033393512
0.0011558287822381885
0.0009739649046025534
0.0011972995524587304
0.0011170669421929347
0.000959077095011196
0.001005182253415171
0.0013046467386956806
0.0009737588373255335
0.0011687222142811038
0.0009949572537379936
0.0011532763484396469
0.0011714256813064594
0.00118749649280403
0.0010864524654792262
0.001237820857689087
0.0012281571140064784
0.0012823342641254953
0.001097518812969156
0.0010997768116709494
0.0012278897216546625
0.0011224094672996898
0.0012299035387499657
0.00103711696721831
0.001098784874571379
0.0011173914005127017
0.0011929645186654625
0.0010774590773650061
0.0009993656004994023
0.0009807032754451939
0.0011185472566026533
0.0012440668045243797
0.0013137884925455978
0.001140154785865377
0.0009374474403571753
0.0012536483173448687
0.0011424660393402064
0.0013235901561472474
0.0011603925898526768
0.0012707952262047684
0.0012919323986011477
0.0010461710187357198
0.0011309389084459553
0.0012278123412272635
0.0010218749137891336
0.001014059469348183
0.0011266271012928541
0.0010914717463137436
0.0010895890283393328
0.0011066778473249883
0.0011247264183182892
0.001266888044249015
0.0010578732951174175
0.0009265444086068442
0.001141624552246867
0.0011854017747126022
0.0011201525894861675
0.001092935391753258
0.0011603596353282342
0.0011382765640135517
0.0011386191372366739
0.0012415618765970748
0.0010136229145913944
0.0014955637935614163
0.001131245214914145
0.0011309136894297467
0.0012164022555367637
0.0009446649494151416
0.001098104217014395
0.0011293582483489217
0.0010521274517998336
0.0011162583002857218
0.001226538372790742
0.0009673588270615596
0.0011157518564672841
0.001038531053012548
0.001192423902118378
0.0010650531887108627
0.001193790725963595
0.001083958458544032
0.000986381590060148
0.0012127209102104075
0.0010951883612477786
0.0012633689144792015
0.0012529210679943503
0.0010756914834431086
0.001127868632053719
0.001088690614217569
0.001163368934129494
0.0009566604527506684
0.0009911174557970526
0.0009827734767995366
0.001133271378222389
0.0011992772607456459
0.0008930092699941383
0.0012978612626639574
0.0011600696448041958
0.001279056580614224
0.0013226653865885396
0.001279013639887694
0.001300515925841239
0.0010397609910057781
0.0010066789308496027
0.0011342446496200864
0.0009617265960883969
0.001012210202247843
0.0011817329482965988
0.001146481188754933
0.001174724549159123
0.0009511576764822394
0.0010194153119442717
0.0010268751210134042
0.001104071755847258
0.0010291339547308098
0.0011568648964441763
0.0012514246354982106
0.0010206084160131468
0.0009605543114616921
0.0009738256882059204
0.0010576443347360964
0.001077786143468984
0.000979132353805312
0.0010146995555402327
0.0010216550222992282
0.000965732306141831
0.0010633092786349607
0.0010884153323758028
0.0010851205704653921
0.001058926684933681
0.0010072923266051248
0.0010662179463025723
0.0011810417664719353
0.0009339934138381523
0.0011685983761253738
0.0013510032443520004
0.0011194795424387394
0.0010878046029745292
0.0011168382123543097
0.0010508159389388538
0.001190408245165031
0.0011577608097752545
0.0010891805584520853
0.0011644027933357393
0.0012066890326565272
0.001285165064331295
0.0010767066489876242
0.0013518206278604339
0.0012755525605285811
0.0009276476148158963
0.0010296163118681534
0.0009442080192485491
0.0010836483899652194
0.0010201956681328284
0.0010998861393574089
0.0011670522223283797
0.0010426085136145957
0.0010722583702715838
0.001076666959704653
0.0013543195185263812
0.001045827552829337
0.0010391855771558767
0.001135494083030153
0.0009949241907349915
0.0011012532170440181
0.0009717466000154218
0.0010397980842213883
0.0009005629703153772
0.0010790636827096023
0.000994116500862674
0.0013139508982220605
0.0011957470755419308
0.0009036397308506139
0.0010935527684239332
0.0010014077334830063
0.0011567945091286447
0.0010790384305749967
0.0011477649619564545
0.001271409144038671
0.001200472260677543
0.001075515858431686
0.0011508172730998467
0.0012317019966729958
0.0010009225973419689
0.0012142960964638405
0.0010865997595317367
0.0010367577258563188
0.0011951464559558644
0.001245628122617859
0.0010913658997253606
0.0010764525021897953
0.001166396800442726
0.0013453260245057663
0.0010611641887976475
0.0010151425681357296
0.0011358475509553045
0.0010079638803262014
0.0012613386989528408
0.001026077882713139
0.0011405430176552045
0.0013256059373674134
0.0011902909056544786
0.0010175762535311605
0.0011091686498048148
0.0012182720899005517
0.0012182762587542584
0.0011135497918814963
0.0014008431610506022
0.0012370684358131712
0.0011283933260273216
0.001204292045244415
0.0010266972793004925
0.0013542256459118107
0.0011261327414473499
0.0012863655558277287
0.0012127174990723688
0.001271213349809841
0.0010961186941216283
0.0010195958355296852
0.0010498370627374243
0.001115028708611021
0.001217557095429811
0.0009041723532021706
0.001046576823483747
0.001342365555998981
0.0009987151582890874
0.001076588049031102
0.0010711345691447605
0.0011124739145600415
0.000935589136858539
0.0009273616332166057
0.0009806620567474056
0.001121903104632338
0.0011434321317125296
0.0010671945220366297
0.0011128728614124839
0.0011045024098166323
0.0009614059677574005
0.0009721336848258488
0.0011734531119316216
0.0011858359458472023
0.0011237094913809642
0.001057412454898099
0.0011740841731437968
0.0010307817190522428
0.0010458793232999142
0.0011450062155375917
0.0011714901817185819
0.001086205080042646
0.0012613520148363477
0.0011952184009800249
0.0012149870451736433
0.001243698895052603
0.0012640893881581405
0.0011304688892721515
0.001018530005978846
0.001120883977023368
0.0012063800004966652
0.0012840645477041335
0.0011032016548426782
0.0011160366970415225
0.0010747800442914013
0.0008701898866263491
0.001204533509209682
0.0012406850791393254
0.0011169009577827183
0.0011187254158357973
0.0011887720232550691
0.0012141108806389411
0.0011003389734867142
0.0011359355736715315
0.0012262004628524892
0.0009109976231229666
0.0011594588611671952
0.0012451929957393304
0.0013335337331312758
0.0010102895496402198
0.001213258434958675
0.0011422845562663042
0.0012689762526321147
0.0010102405011593873
0.0012324633612053049
0.0012147186320135006
0.0009967235921521933
0.0012853719625383064
0.0011586117747413027
0.0010035766464824292
0.0009787901643676378
0.0011788134604131528
0.0010572419128891397
0.0009373659216151964
0.001262489279241663
0.001114222647103702
0.0011869824629258119
0.0010897088942272148
0.001073159846754379
0.0010302669054453872
0.0011529108631123108
0.0011562259960413712
0.0012529647003276523
0.0012261470763235138
0.0010774801409070278
0.0010613868426787576
0.0008811707918283673
0.0012455805810276388
0.0011661976336796442
0.0011656269564781496
0.00121897671625959
0.0011114986412508188
0.0010444071066899596
0.0011021634736749775
0.0010143091121932457
0.0013229797225733364
0.0010906704934825484
0.0012135423858694594
0.0011894345744991597
0.001178247945446742
0.0013327810903547288
0.0010961350933484937
0.0011094946370207026
0.001065454073554406
0.0010309217348947186
0.001208586891650043
0.0010998714396635023
0.0010265799044191226
0.0010315799080728993
0.0011276841338201393
0.001213727467174408
0.001079566615061367
0.001111870438052165
0.0010698208646999774
0.0011334239248128597
0.0012601641753491322
0.0009394224093313142
0.0010927875723325542
0.0009125845080291128
0.0010089113482649736
0.0011506752933314601
0.0010563149791806836
0.0010655726552357692
0.0011331543066717131
0.0010694897555509897
0.001113220724064945
0.0010943135000047732
0.001105129070126054
0.0011789974066971354
0.0010230644270308176
0.001062639397446219
0.0012450953737328518
0.0010633107071527093
0.0010990656255955855
0.0012467736252972372
0.0011316993697505495
0.0009852745901071103
0.0011943954717708039
0.0012469200304678907
0.0011376014414423707
0.001142073956955869
0.0011905612058455972
0.0012751592458215555
0.0011043326048962854
0.0012708007232475893
0.0010207270692177417
0.000983695125455597
0.0011061734006432289
0.0009862140146168485
0.00126416343059077
0.00122451340753571
0.0010050670263552774
0.001079024715792798
0.0009931348792378003
0.0009729823629811563
0.0011766763307434758
0.001116330598733839
0.0011443497510015277
0.0009302763834995176
0.0011412749581580783
0.00101877854942245
0.0010186449923708096
0.0010538147479479676
0.001010386937807084
0.0010082494632257522
0.0010825689931976967
0.0009864066246905168
0.001172234383631121
0.001091313755452461
0.001196308251948608
0.0010548701496162494
0.0012066931398067027
0.0010734012548425653
0.0011830896610121044
0.0010037579996549084
0.0011480051845040862
0.0011243784288268444
0.001046589265968123
0.0011900919636218532
0.00112740787088228
0.001195597703031126
0.0012719890510481946
0.0010252414179490188
0.0013858325200430954
0.0009808914936684232
0.0010726461768655327
0.0010873929613097744
0.0011465604532503448
0.0009905329405626162
0.0009195963804700114
0.001066358448198912
0.0010356896169838592
0.0012124794208716594
0.0013203065307436646
0.0012806103624853904
0.0011816977247889326
0.001116369539772677
0.0012885640041986335
0.001189677884283924
0.0010818627429358685
0.001125420074174599
0.0010641501562815847
0.0011051637582539797
0.0011032075942551955
0.0011992567247176567
0.0008572685635215294
0.0010540652211545876
0.0012065404929160195
0.0011929328875197598
0.0010344742187839984
0.0010724640266346341
0.0011479215085046235
0.0012805850344506098
0.0008732029683784504
0.0012575817208215767
0.0011713999490154947
0.0010590403962282835
0.0009881467808980915
0.001186610256937115
0.0010198729924297822
0.0010196782400697657
0.0009728347504136536
0.0011633229893988073
0.0011831764287677515
0.001081958560874341
0.0012754986174314809
0.00131159488199728
0.0011507520905382762
0.0011876779388586556
0.0010439895551286327
0.0012678302527291407
0.0010676110438225805
0.0008964888887845746
