0.4336911046323877
0.8751289176260997
0.4751339604504494
0.2967603381618744
0.44509208549496293
0.3243499927637288
0.5303535292105721
0.2359614274771502
0.6330317522393187
0.4071708014180828
0.5358473230050791
0.37732712591746065
0.17046997300936795
0.24219548048307615
0.2101141617553921
0.49497836058277045
0.2534646934466309
0.20074708853977796
0.3534606959937534
0.6867493778556479
0.23700200039241537
0.2660200953901892
0.2298621026659049
0.3771701171855213
0.1798726713814034
0.2429888994383944
0.26717010198874647
0.5958531891876646
0.2969434761091776
0.17170221347668502
0.6419854165479819
0.40493110598214344
0.30219844033486254
0.39007476723524803
0.3302721821756762
0.24869680314468212
0.6484638464551296
0.30081823958239795
0.32113852315168856
0.39115231234366377
0.33247193223199645
0.990272876895645
0.2983177197912852
0.3471815542751955
0.3175269022874687
0.2256781782320445
0.36519842259018276
0.3125620665508819
0.25547664401064196
0.24716487813735455
0.31527598996405004
0.19152113907462365
0.26971162098082857
0.8348919320820869
0.5183284905040466
0.2806507872116839
0.17547667453803228
0.4516337622030733
0.25708079795140293
0.7336135334140721
0.2604338767811498
0.16496931565367845
0.32831993451289065
0.22721082468500242
0.34306038383942905
0.481452997460039
0.38274102925140596
0.38744820310051864
0.2628799250630607
0.2646632453230211
0.282937738288922
0.48997535168025763
0.9599286502220394
0.4369530722730417
0.6098690340580362
0.45794879560415325
0.70864585881192
0.6403844050583984
0.25323786922656666
0.21071067947077893
0.5695164668238988
0.37132802745183824
