1.9440074595280326
0.6086722391038366
1.2493818314813137
0.40066656417403834
0.7260448604692309
1.293970173657792
1.8650419777462615
0.8678040684549133
1.402421354228105
1.6733812333270768
1.71263770069217
1.4580826106768079
1.315172538100148
2.4336044311305542
1.4308550557161137
1.8986149355264406
3.144126446727867
0.9510430009676707
0.7796511371677983
0.7286795839509281
1.4681559121014356
2.3679608019358938
1.8554369742486099
1.1926944960943686
1.157267995548784
0.2973791688127392
0.41023412134387094
1.5637098212133385
1.7124792210150659
2.498213632190769
2.6531606922936906
2.6199321445563886
1.577625822808093
1.3316967675989577
1.4627178211680505
0.7989035122178407
1.9894057006703978
2.3798632798631516
1.940602108688621
1.6661118494229932
1.977667532859158
2.163750123835616
1.6689662794386706
3.659227141434908
1.373622970429194
1.0321361681083001
0.9948179016871741
1.467598283240207
2.0424548711143746
1.875013587211571
3.049201917383897
2.474228468411111
1.362700013798115
0.8572534980433026
0.5206080181060102
0.31361582726136916
0.49067878952310906
0.4540614432481327
1.0729607862931552
2.019129393920444
2.8851663929169575
2.240856814168616
2.12762822569357
3.4124414801056844
3.9891023071785767
1.500046164074373
1.7404792671294693
2.1874109459349462
1.7680033595831581
2.4296238795214755
1.1165012170256006
0.9881426268493563
1.4364879834134996
2.1660192486599783
2.709496958500754
1.710932880991237
1.2216638376247388
1.669404599243041
4.285264211161319
2.2360634811488573
2.331296122669663
1.642567466351828
3.1834616104085285
6.078965280033444
2.2114303058328204
0.9785979651662124
1.6846928426537886
0.4630447162014626
0.9880793081937682
0.9708224692773619
2.5519674769286453
0.7252471564230163
0.7926202972885328
0.7370347076045363
1.1330563547988248
1.55759530410554
2.0076889974284846
1.0767785969507457
1.7073120651571791
2.3728872848065805
1.9489384934270184
2.812245389037635
2.520110330725444
2.2181193188603068
1.5740590330643123
2.9514594733685513
0.559621670248692
0.7235431546026803
0.6654812068119043
0.2850252612163686
0.8991288592205606
1.7518059878642127
3.4042993926291807
1.7369218018612358
2.51735955883397
3.2978427419170053
2.20424036012194
1.6743349941658394
5.380321828713633
1.7974488743646333
2.8831204520685354
1.3060384874817323
1.717660475088831
2.1618989973865546
1.985550423611386
0.5421751372023067
0.8116093017647437
1.2934480201842113
1.1042741752109393
1.915341735298906
2.7632037807631917
3.447907221881785
1.430648023864542
1.6353848680818466
2.918937855951512
1.3394033449152758
2.0904710080892244
4.160368590163209
1.223151778962734
2.2017377819738435
2.23062259964264
0.5511731752611375
0.4051905101660047
1.0444754762993433
1.1284604434434335
1.7974145765352887
2.0516514752211634
2.2021793595272428
1.7495056539021405
3.2047188307895453
3.3484925039021256
1.5636482037220105
2.916768804907207
1.0456859237517477
0.8256453455009662
1.225403244054334
2.396472181428365
1.1710944095073543
1.6319226536077167
1.7984452014158379
1.1622608193760726
1.3366168088066885
1.0350608983566545
2.2787476782723104
3.4133686975493944
3.2664565223596966
3.7916708906661896
2.0937787816062183
3.3453582742180927
2.9194883231406905
2.577065756743501
4.165283520065124
1.2542406097479741
4.593573535168126
1.9326602714927077
1.317279818669789
1.5881903508368254
1.6994660897488245
0.8658123536224664
1.2444525917250147
1.7116521285498862
2.6817357400856423
1.276367641083887
2.3494378554662205
1.2979260760902704
1.5743942033465785
2.4374147826996833
3.622038464953576
2.4682515034935264
1.644368231324485
3.1057712341519235
5.129665095792575
2.998503841653296
1.4300891158476645
1.4734347299814488
1.5157969591442253
1.7533270648434893
1.1239132114372978
1.8301254215808385
2.8790057858769558
2.1694879909190448
3.713933589780538
4.580511210409355
3.7317631902044397
1.9275223127411536
3.1195276945380215
4.668929224592702
2.693083372155023
1.4877138284844307
2.0444202843790364
3.3117443413608783
1.9640891041754287
3.881748044386299
1.0215311018676019
1.258409512033687
1.5146861867734032
1.35195503751509
2.14694983733731
1.883058070059171
1.3923182504692875
2.1831083836560694
1.9845218748888627
2.302121384596049
4.116970110304138
1.6235849424571072
1.7110417408866638
2.0736658689468968
2.6873927923521066
2.629043947600138
1.880732713999734
3.3833180926931163
1.101610987733956
0.6352239445950048
1.1177974720055772
0.751621184745332
1.9391165575634304
1.652095739678579
1.9778406195090596
4.399149079314213
1.9596321641180054
1.0916220212176597
1.7360053574457694
2.2675314208739437
1.4491296553336284
3.6432951560200664
1.3902919165801464
1.8448912900987366
2.4349437289477933
1.8209498923051441
1.00622227741313
1.1139889395178528
2.9963204306259072
0.3099667997707556
0.3925115197529081
0.9279766636122133
1.7859512190571465
1.195683387261603
1.792010832226154
1.4247772442986175
2.2532785859230273
1.0709137425325395
0.6480123372039017
0.788904555431678
0.36118125898534004
1.3081147773656596
1.5020663693900005
1.4137091972920857
2.428245035024773
2.3047955280009944
1.9681053583151709
1.936028144248283
0.8861341274552998
1.271325515158864
1.293793132022941
0.9215898061870362
1.1582253400676166
1.1842987712447908
0.9584001665736892
0.8054029835299872
1.2078155690099948
1.1217296351304142
1.6578325833181466
0.8654632013824894
1.8922471775389837
1.5997216902616458
1.6389321123865415
1.5015128396011903
1.4294603597928628
3.071201095709199
0.7841097607536227
0.7072740092403933
1.396540664272699
1.4291202681383268
2.195307315596331
1.1658189816463036
2.428420864388464
1.1486900239021622
0.7434234233563046
1.4943332610861901
1.9750866366319784
0.6390450569195707
1.716357901689861
2.190231830258057
1.3020181795729258
0.9147309982078227
0.9022826078229684
2.1936888585070875
2.0457153512733584
2.0906137158639666
1.3240482753796954
2.252296877100868
2.071521696745144
2.721321530372414
0.7256146896240594
0.8274467575610558
1.5370732943943537
1.4950022454269245
1.8263584146139493
1.390697931673472
2.9299570222532694
2.7997528605036237
0.5013263118949851
0.6153695346262253
1.4834475307135762
1.252465167631371
1.8272990158426978
1.134320502180998
1.7281125604936847
1.080297960290153
1.7294237891100863
2.3667854259043395
2.7016654172552848
1.518229406931738
1.3629101647513977
2.883579297482868
0.9811061429765999
2.079119967867342
1.8374318880305083
2.067504109397234
1.3071303318489385
1.0506944113947867
1.9119800772502913
2.3117550155610473
1.7240946197922398
1.785287571313063
1.0709282906366724
0.7657193836520122
1.0998332683490446
2.7983179215747924
1.752962572817495
2.42854854155037
2.34031230254854
0.7049959756393775
1.4626313531124282
1.69365732112486
2.1450042435000825
0.6410201297761802
1.1430974759008876
1.5615842038567962
1.005908799392543
0.9727415199261458
0.5888720110974077
0.6981764068560352
1.2901993481698213
1.7623640126950164
1.7612370112547922
2.016693611804314
1.2977047045007737
1.9990892283605035
3.43595861295708
0.8819312112420903
0.9395509388471623
1.030331455593668
1.0780260819823866
1.8618889477191232
2.148974041044781
2.9107747524131042
4.473136255512145
2.5547879515444123
2.9682948773922107
1.849890989993483
1.5232953603414927
3.4173345544771365
1.3817763461966592
1.1479860211202322
1.1340241939890632
1.1855437794041421
2.062907361347257
1.4305806992560264
3.0670451888801153
2.9056771057611854
2.9716417630894796
2.328935822051264
1.281005684838874
2.4192107439961035
1.0066157814395496
1.399708458301859
1.273998805223357
2.52497587564919
1.8036822003758743
0.43122154630734144
1.1090143356253748
0.9682996169031384
1.2904640192933954
2.4111847429882687
1.4398590763076697
1.2394497563294635
0.740984292831584
0.7595669853445628
1.3025041326264528
1.7177866060593487
0.9403232928292766
0.9445088012335248
1.1695385507918559
2.2803844718857533
1.4115103584004203
2.342528921227739
0.6089601194145189
0.6627181552690757
0.8307938459495858
1.7650717130708813
1.1723694643951745
1.1168459133684223
1.3573648152948437
2.355652032021851
1.6534441453270716
1.2676257014568932
0.5422714284412962
0.567431379070598
1.2529037205004983
1.2245125226672684
1.5030128760201649
1.5590128484078178
1.694100096046654
1.5257208778145497
2.223440134947225
1.094945070912317
1.852109585653551
2.4658459567617825
1.500815948677129
1.7517039802658445
0.7261727992920441
1.616333370168249
2.5703627280428663
2.1014009481985454
1.7355133880568872
3.3544399197685806
0.5792479106327022
1.5098914937117343
0.9166884676308626
1.8794739670992868
0.5625888622711841
1.0834650954830778
0.85695195574786
1.3855614529843763
1.4665612037320273
2.4149452660468995
0.5852462741484743
1.107883156010658
1.674308914670405
1.4436305347425957
1.3422386356728566
0.9804865632845718
1.0524245216994075
0.8873098833999933
1.2754920015897397
1.425975131499797
1.413328810064229
2.2855194468325237
2.898941066514311
3.3448156154027373
1.3041857600117481
1.5418418252045427
0.7598659659162479
0.7537470949395413
0.4910193359360022
1.0837012198045954
1.6293031344437168
2.1451639763888863
1.503742635913568
1.4164251476247074
0.8579595434857197
1.781276410787484
1.4987323455581532
1.4489906491142222
1.8104097324090986
1.8019049148015682
1.133270221349406
1.617812045155162
3.7244462559968667
1.5699645485564417
2.7213969619943725
2.3445119786388773
2.1314473738286637
3.093620726153489
2.6936226360466833
2.565674421370261
2.3760565933678066
3.529600585425655
2.110535115647039
2.1423510844757487
1.9209251617596266
1.5241711548559067
1.042006045615878
1.5765670331896615
1.7818466789017293
0.9781407724470625
1.2349714142940798
1.9333148157572424
1.9525424844937476
2.3342572069778527
1.5177358957066502
1.397578110956701
2.087745400524099
2.070473707994495
1.4652335431151613
2.6922572345363562
2.018020106373058
2.431179632985007
1.28324295491511
1.2332321094424117
1.4861692870294405
1.7410015755716728
2.4951499917766142
3.510650158893853
0.9954818878534013
1.747144119103055
0.42084395812433684
0.7507489509094256
0.4616642816468044
1.0523251310200692
1.1127697663822005
2.275279474087725
3.593453730926541
1.0162301710348203
1.853391087182743
2.146298277568519
3.1733780412125157
3.290010010320657
3.1139253071991533
3.077317440047537
3.4211156327251047
2.242987077587756
0.8088407853989139
1.5855512427204417
0.9494064357578367
0.6715666743874777
1.6893243264129723
1.8020342376004805
1.1226451654900274
1.2806021478135818
2.5109170253399355
2.8519322174959854
1.4626698532971858
2.587809192799014
2.409722139064513
1.8392871783623264
3.799811354740484
2.043119577694881
2.8628642290662896
3.072453218236433
2.017531566473963
2.8171913819090406
0.5879211115092033
1.2365338460150355
2.2229690290385378
1.9597440369211654
2.6552455416850194
1.5478949443073873
1.4826661768337175
3.236263699970067
2.0853142279848385
5.89189246265957
0.9555226879676724
0.9928411343929611
1.5549782577601405
1.9512493140965432
1.4020123870836017
1.3751637935476424
3.1649763323121647
0.9033203708386708
0.3739796527374324
0.6962240807919358
0.8334474667217364
0.9016037687416372
1.0828790794539316
1.2006823888963396
0.9825230500591005
1.7710943707060096
3.180494680512993
1.8259343370106933
1.4410292377390448
0.6993902169740096
0.956559893387606
1.7541285281172776
2.0421954577446684
1.688575395005742
2.827941209574263
1.8184417169394038
3.54672535731774
1.704263194701639
1.4294949564688153
1.5157845247372421
2.0710219180019322
0.9556056791397936
0.8401830485576625
1.4010996468930443
1.415712198585382
0.7509757558517549
0.5172543215350913
1.0252392959734777
1.793231379379705
1.4387911650684373
0.29952820899687665
0.651218202550051
0.2965213635012791
0.39640337584381324
0.19818160988870215
0.23252983357331303
0.3560306082907658
0.37155234184571917
0.43256641599096746
0.2762721642944399
0.4218443498616882
0.2739006107637376
0.3376731894999576
0.8400902137111359
0.40663372385382957
0.3918827895054129
0.3820084345759369
0.3593710412395872
0.2961656901027787
0.3990593780451128
0.24270391095839017
0.8524883625038484
0.34800698934241936
0.3370789811254795
0.7318095464349597
0.4396885412071647
0.6928109216887748
2.7249502924546825
0.2213770713369101
1.807196156095415
0.3182336897792055
0.13223933195087767
0.38001554610066535
0.21699816765627133
0.29396503138922014
0.4311594966400776
0.3265895082575696
0.3757540780638067
0.3747243412615191
0.6798631553619643
0.7279629292718965
0.357767270427253
0.3802999885185798
0.5163719316979751
0.48979475109967296
0.20671092263638258
0.23634861801849638
0.654134391627899
0.42389226199455976
0.6516899980101982
0.23423701616346193
0.21721604801556538
0.1932456225462147
0.2961012427806793
0.44397574301593323
0.20387388760460823
0.2607217224060676
0.5975503679025351
0.37951085729142875
0.25035060881675264
0.2632680579345035
0.23963164396334946
0.3495320799350594
0.2613725489890797
0.22584628749572033
0.22596732361954963
0.5986979457269825
0.28523305640187857
0.2181871072299586
0.6199274316201837
0.4106106091842179
0.3218510576470237
0.4721078168286823
0.2441814258363877
0.37286890041602305
0.4890905746146075
0.37416042540398564
0.2705439272249208
0.42345082890629726
0.8018757971688473
0.5994444348055481
0.2777915577384107
0.3060952288118415
0.2424466070251725
0.22693833824337162
0.3558834429996125
0.37120600541395277
0.27880386751351693
0.19607796016654788
0.31028579178111215
0.1844180684674228
0.3969634906143824
0.8058153778845991
0.44697714877041506
0.24820900420836267
0.4329922524671588
0.250978390948859
0.25293230663011457
0.7014093475011691
0.25273889627553103
0.20801079035614123
0.28095307361776634
0.2053318162211042
0.34316997808539895
0.538435255040838
0.3803027608947076
0.3476680729673376
0.27689981489945126
0.2758359021158583
0.27305681399542436
1.0960260482354727
0.3375489945899659
0.46796356217282664
0.573727621336559
0.5139507850298628
0.8986709270125885
0.4141518288177508
0.22061863966538908
0.26378003146714946
0.552598875726062
0.35226245507412557
